3
11
20
23
24
35
38
39
43
50
56
57
60
156
333
334
335
377
446
451
455
460
464
1049
1050
1056
1063
1065
1067
1068
1069
1071
1100
1112
1114
1120
1460
1462
1475
1479
1480
1495
1496
1498
1499
1507
1510
1511
1512
1523
1547
1548
1551
1553
1554
1555
1565
1567
1590
1600
4329
23381
40497
40646
40647
40648
40649
40650
40668
40677
40682
40693
40706
40707
40708
40711
40713
40945
40994
41027
41150
41162
41919
42395
42585
42742
43786
43896
43897
43920
43921
43938
44095
44155
44227
45547
45548
45550
45563
45568
45570
45660
46298
46331
46334
46483
46752
46758
46801
46831
46839
46846
46856
46857
46859
46866
46868
46869
46905
46906
46908
46910
46911
46912
46913
46915
46916
46918
46919
46920
46921
46922
46924
46927
46929
46930
46932
46933
46935
46937
46938
46939
46940
46941
46944
46947
46950
46951
46952
46955
46956
46958
46959
46960
46962
46963
46969
46979
46980
46999
